
$NEW TRACK
HR	 MIN	 SEC	 MSEC	 X(px)	 Y(px)
15	 55	 07	 0637	0356	 0209
15	 55	 07	 0714	0355	 0207
15	 55	 07	 0791	0354	 0204
15	 55	 07	 0861	0353	 0202
15	 55	 07	 0932	0352	 0201
15	 55	 08	 0009	0351	 0199
15	 55	 08	 0066	0349	 0197
15	 55	 08	 0151	0348	 0195
15	 55	 08	 0222	0346	 0193
15	 55	 08	 0308	0344	 0191
15	 55	 08	 0385	0343	 0189
15	 55	 08	 0443	0342	 0187
15	 55	 08	 0505	0340	 0186
15	 55	 08	 0588	0338	 0184
15	 55	 08	 0643	0336	 0182
15	 55	 08	 0713	0334	 0181
15	 55	 08	 0767	0332	 0179
15	 55	 08	 0823	0330	 0178
15	 55	 08	 0886	0328	 0176
15	 55	 08	 0930	0327	 0175
15	 55	 08	 0997	0325	 0173
15	 55	 09	 0073	0323	 0172
15	 55	 09	 0142	0321	 0171
15	 55	 09	 0196	0319	 0170
15	 55	 09	 0271	0316	 0169
15	 55	 09	 0332	0314	 0168
15	 55	 09	 0419	0311	 0166
15	 55	 09	 0494	0308	 0165
15	 55	 09	 0541	0307	 0165
15	 55	 09	 0622	0305	 0164
15	 55	 09	 0699	0301	 0163
15	 55	 09	 0778	0299	 0163
15	 55	 09	 0854	0296	 0162
15	 55	 09	 0931	0293	 0162
15	 55	 09	 0994	0290	 0161
15	 55	 10	 0051	0288	 0161
15	 55	 10	 0111	0287	 0161
15	 55	 10	 0182	0285	 0161
15	 55	 10	 0236	0283	 0161
15	 55	 10	 0290	0280	 0162
15	 55	 10	 0348	0279	 0162
15	 55	 10	 0418	0277	 0163
15	 55	 10	 0492	0273	 0163
15	 55	 10	 0551	0271	 0163
15	 55	 10	 0607	0270	 0164
15	 55	 10	 0675	0268	 0164
15	 55	 10	 0744	0266	 0165
15	 55	 10	 0822	0263	 0167
15	 55	 10	 0903	0261	 0168
15	 55	 10	 0963	0259	 0169
15	 55	 11	 0043	0257	 0170
15	 55	 11	 0087	0255	 0171
15	 55	 11	 0169	0253	 0172
15	 55	 11	 0246	0251	 0173
15	 55	 11	 0323	0249	 0174
15	 55	 11	 0393	0247	 0177
15	 55	 11	 0450	0245	 0178
15	 55	 11	 0526	0243	 0179
15	 55	 11	 0606	0242	 0181
15	 55	 11	 0686	0240	 0182
15	 55	 11	 0760	0239	 0184
15	 55	 11	 0843	0236	 0186
15	 55	 11	 0909	0235	 0188
15	 55	 11	 0978	0234	 0189
15	 55	 12	 0057	0233	 0191
15	 55	 12	 0134	0232	 0194
15	 55	 12	 0189	0230	 0196
15	 55	 12	 0245	0230	 0196
15	 55	 12	 0305	0229	 0198
15	 55	 12	 0361	0228	 0200
15	 55	 12	 0418	0228	 0201
15	 55	 12	 0477	0227	 0203
15	 55	 12	 0546	0227	 0205
15	 55	 12	 0624	0227	 0207
15	 55	 12	 0698	0226	 0210
15	 55	 12	 0772	0225	 0212
15	 55	 12	 0840	0225	 0214
15	 55	 12	 0916	0225	 0216
15	 55	 12	 0971	0226	 0218
15	 55	 13	 0045	0226	 0220
15	 55	 13	 0121	0226	 0222
15	 55	 13	 0198	0227	 0225
15	 55	 13	 0242	0227	 0226
15	 55	 13	 0309	0228	 0229
15	 55	 13	 0355	0228	 0231
15	 55	 13	 0433	0229	 0233
15	 55	 13	 0509	0229	 0235
15	 55	 13	 0565	0231	 0238
15	 55	 13	 0622	0232	 0240
15	 55	 13	 0689	0233	 0242
15	 55	 13	 0746	0234	 0243
15	 55	 13	 0817	0236	 0245
15	 55	 13	 0887	0237	 0248
15	 55	 13	 0964	0240	 0252
15	 55	 14	 0040	0241	 0254
15	 55	 14	 0123	0171	 0203
15	 55	 14	 0197	0171	 0204
15	 55	 14	 0280	0171	 0205
15	 55	 14	 0356	0171	 0206
15	 55	 14	 0434	0171	 0206
15	 55	 14	 0511	0171	 0207
15	 55	 14	 0588	0171	 0208
15	 55	 14	 0665	0171	 0208
15	 55	 14	 0722	0171	 0208
15	 55	 14	 0791	0172	 0209
15	 55	 14	 0873	0172	 0210
15	 55	 14	 0951	0172	 0211
15	 55	 15	 0027	0172	 0211
15	 55	 15	 0088	0172	 0212
15	 55	 15	 0168	0171	 0212
15	 55	 15	 0245	0172	 0213
15	 55	 15	 0298	0172	 0214
15	 55	 15	 0355	0172	 0214
15	 55	 15	 0426	0172	 0215
15	 55	 15	 0479	0172	 0215
15	 55	 15	 0533	0172	 0215
15	 55	 15	 0591	0172	 0216
15	 55	 15	 0663	0171	 0216
15	 55	 15	 0747	0171	 0217
15	 55	 15	 0825	0171	 0217
15	 55	 15	 0902	0171	 0217
15	 55	 15	 0982	0171	 0218
15	 55	 16	 0057	0171	 0218
15	 55	 16	 0118	0171	 0219
15	 55	 16	 0176	0171	 0219
$$END TRACK
$NEW TRACK
HR	 MIN	 SEC	 MSEC	 X(px)	 Y(px)
15	 55	 01	 0112	0168	 0227
15	 55	 01	 0179	0169	 0227
15	 55	 01	 0322	0169	 0229
15	 55	 01	 0379	0170	 0230
15	 55	 01	 0447	0170	 0230
15	 55	 01	 0529	0170	 0231
15	 55	 01	 0607	0171	 0231
15	 55	 01	 0681	0171	 0232
15	 55	 01	 0737	0171	 0233
15	 55	 01	 0806	0171	 0234
15	 55	 01	 0863	0172	 0234
15	 55	 01	 0933	0172	 0236
15	 55	 02	 0011	0172	 0236
15	 55	 02	 0055	0172	 0237
15	 55	 02	 0139	0173	 0238
15	 55	 02	 0212	0173	 0239
15	 55	 02	 0271	0173	 0240
15	 55	 02	 0342	0173	 0241
15	 55	 02	 0416	0174	 0241
15	 55	 02	 0473	0174	 0242
15	 55	 02	 0543	0174	 0243
15	 55	 02	 0585	0174	 0243
15	 55	 02	 0652	0174	 0245
15	 55	 02	 0699	0174	 0245
15	 55	 02	 0759	0174	 0246
15	 55	 02	 0833	0174	 0247
15	 55	 02	 0915	0175	 0248
15	 55	 02	 0979	0175	 0248
15	 55	 03	 0102	0175	 0250
15	 55	 03	 0169	0175	 0251
15	 55	 03	 0247	0175	 0252
15	 55	 03	 0320	0175	 0253
15	 55	 03	 0379	0176	 0253
15	 55	 03	 0448	0176	 0254
15	 55	 03	 0526	0176	 0255
15	 55	 03	 0570	0176	 0255
15	 55	 03	 0651	0176	 0256
15	 55	 03	 0720	0176	 0257
15	 55	 03	 0769	0176	 0257
15	 55	 03	 0832	0176	 0258
15	 55	 03	 0902	0176	 0259
15	 55	 03	 0978	0176	 0259
15	 55	 04	 0033	0177	 0260
15	 55	 04	 0106	0177	 0261
15	 55	 04	 0182	0177	 0261
15	 55	 04	 0260	0178	 0262
15	 55	 04	 0332	0178	 0263
15	 55	 04	 0404	0178	 0264
15	 55	 04	 0473	0178	 0264
15	 55	 04	 0557	0179	 0265
15	 55	 04	 0634	0179	 0266
15	 55	 04	 0716	0180	 0266
15	 55	 04	 0794	0180	 0267
15	 55	 04	 0871	0181	 0268
15	 55	 04	 0942	0181	 0269
15	 55	 05	 0014	0181	 0269
15	 55	 05	 0087	0182	 0270
15	 55	 05	 0168	0182	 0271
15	 55	 05	 0243	0183	 0271
15	 55	 05	 0301	0183	 0272
15	 55	 05	 0388	0184	 0273
15	 55	 05	 0466	0184	 0274
15	 55	 05	 0540	0185	 0275
15	 55	 05	 0605	0185	 0275
15	 55	 05	 0683	0186	 0276
15	 55	 05	 0746	0187	 0277
15	 55	 05	 0822	0188	 0278
15	 55	 05	 0905	0188	 0279
15	 55	 05	 0981	0188	 0280
15	 55	 06	 0049	0189	 0281
15	 55	 06	 0137	0189	 0281
15	 55	 06	 0216	0190	 0282
15	 55	 06	 0291	0191	 0283
15	 55	 06	 0368	0191	 0284
15	 55	 06	 0423	0192	 0285
15	 55	 06	 0478	0192	 0286
15	 55	 06	 0533	0192	 0286
15	 55	 06	 0595	0193	 0286
15	 55	 06	 0667	0193	 0287
15	 55	 06	 0748	0193	 0288
15	 55	 06	 0821	0194	 0289
15	 55	 06	 0877	0195	 0289
15	 55	 06	 0951	0195	 0290
15	 55	 07	 0025	0195	 0291
15	 55	 07	 0080	0196	 0291
15	 55	 07	 0149	0196	 0292
15	 55	 07	 0207	0196	 0292
15	 55	 07	 0274	0196	 0293
15	 55	 07	 0341	0197	 0293
15	 55	 07	 0417	0197	 0294
15	 55	 07	 0480	0198	 0295
15	 55	 07	 0553	0198	 0295
15	 55	 07	 0637	0199	 0296
15	 55	 07	 0714	0199	 0297
15	 55	 07	 0791	0199	 0298
15	 55	 07	 0861	0200	 0298
15	 55	 07	 0932	0200	 0298
15	 55	 08	 0009	0201	 0299
15	 55	 08	 0066	0202	 0299
15	 55	 08	 0151	0202	 0300
15	 55	 08	 0222	0203	 0301
15	 55	 08	 0308	0203	 0302
15	 55	 08	 0385	0204	 0302
15	 55	 08	 0443	0204	 0303
15	 55	 08	 0505	0205	 0303
15	 55	 08	 0588	0206	 0304
15	 55	 08	 0643	0206	 0304
15	 55	 08	 0713	0207	 0305
15	 55	 08	 0767	0208	 0305
15	 55	 08	 0823	0208	 0306
15	 55	 08	 0886	0209	 0306
15	 55	 08	 0930	0209	 0306
15	 55	 08	 0997	0210	 0307
15	 55	 09	 0073	0210	 0307
15	 55	 09	 0142	0211	 0308
15	 55	 09	 0196	0212	 0308
15	 55	 09	 0271	0212	 0309
15	 55	 09	 0332	0213	 0309
15	 55	 09	 0419	0213	 0310
15	 55	 09	 0494	0214	 0311
15	 55	 09	 0541	0214	 0311
15	 55	 09	 0622	0215	 0312
15	 55	 09	 0699	0216	 0312
15	 55	 09	 0778	0216	 0312
15	 55	 09	 0854	0217	 0313
15	 55	 09	 0931	0218	 0313
15	 55	 09	 0994	0219	 0314
15	 55	 10	 0051	0219	 0314
15	 55	 10	 0111	0219	 0315
15	 55	 10	 0182	0220	 0315
15	 55	 10	 0236	0221	 0316
15	 55	 10	 0290	0221	 0316
15	 55	 10	 0348	0222	 0316
15	 55	 10	 0418	0222	 0317
15	 55	 10	 0492	0223	 0317
15	 55	 10	 0551	0224	 0318
15	 55	 10	 0607	0224	 0318
15	 55	 10	 0675	0224	 0319
15	 55	 10	 0744	0225	 0319
15	 55	 10	 0822	0226	 0319
15	 55	 10	 0903	0227	 0320
15	 55	 10	 0963	0228	 0321
15	 55	 11	 0043	0228	 0321
15	 55	 11	 0087	0229	 0322
15	 55	 11	 0169	0229	 0322
15	 55	 11	 0246	0230	 0323
15	 55	 11	 0323	0230	 0323
15	 55	 11	 0393	0231	 0323
15	 55	 11	 0450	0232	 0324
15	 55	 11	 0526	0232	 0324
15	 55	 11	 0606	0233	 0325
15	 55	 11	 0686	0233	 0325
15	 55	 11	 0760	0234	 0326
15	 55	 11	 0843	0235	 0326
15	 55	 11	 0909	0235	 0326
15	 55	 11	 0978	0235	 0327
15	 55	 12	 0057	0236	 0326
15	 55	 12	 0134	0237	 0327
15	 55	 12	 0189	0237	 0327
15	 55	 12	 0245	0237	 0327
15	 55	 12	 0305	0238	 0328
15	 55	 12	 0361	0238	 0328
15	 55	 12	 0418	0238	 0328
15	 55	 12	 0477	0239	 0328
15	 55	 12	 0546	0240	 0328
15	 55	 12	 0624	0240	 0328
15	 55	 12	 0698	0241	 0328
15	 55	 12	 0772	0241	 0329
15	 55	 12	 0840	0241	 0329
15	 55	 12	 0916	0242	 0329
15	 55	 12	 0971	0242	 0329
15	 55	 13	 0045	0243	 0329
15	 55	 13	 0121	0244	 0329
15	 55	 13	 0198	0245	 0329
15	 55	 13	 0242	0246	 0329
15	 55	 13	 0309	0246	 0329
15	 55	 13	 0355	0246	 0330
15	 55	 13	 0433	0247	 0330
15	 55	 13	 0509	0247	 0330
15	 55	 13	 0565	0248	 0330
15	 55	 13	 0622	0249	 0330
15	 55	 13	 0689	0249	 0330
15	 55	 13	 0746	0250	 0330
15	 55	 13	 0817	0250	 0330
15	 55	 13	 0887	0251	 0330
15	 55	 13	 0964	0252	 0330
15	 55	 14	 0040	0253	 0331
15	 55	 14	 0123	0254	 0331
15	 55	 14	 0197	0254	 0331
15	 55	 14	 0280	0255	 0331
15	 55	 14	 0356	0256	 0331
15	 55	 14	 0434	0257	 0331
15	 55	 14	 0511	0258	 0332
15	 55	 14	 0588	0258	 0332
15	 55	 14	 0665	0260	 0332
15	 55	 14	 0722	0260	 0332
15	 55	 14	 0791	0261	 0332
15	 55	 14	 0873	0262	 0332
15	 55	 14	 0951	0262	 0332
15	 55	 15	 0027	0263	 0333
15	 55	 15	 0088	0264	 0333
15	 55	 15	 0168	0264	 0333
15	 55	 15	 0245	0265	 0333
15	 55	 15	 0298	0265	 0333
15	 55	 15	 0355	0266	 0334
15	 55	 15	 0426	0267	 0334
15	 55	 15	 0479	0267	 0333
15	 55	 15	 0533	0268	 0334
15	 55	 15	 0591	0268	 0334
15	 55	 15	 0663	0269	 0334
15	 55	 15	 0747	0269	 0334
15	 55	 15	 0825	0270	 0334
15	 55	 15	 0902	0271	 0334
15	 55	 15	 0982	0271	 0334
15	 55	 16	 0057	0272	 0334
15	 55	 16	 0118	0273	 0334
15	 55	 16	 0176	0273	 0334
$$END TRACK
$NEW TRACK
HR	 MIN	 SEC	 MSEC	 X(px)	 Y(px)
15	 55	 05	 0243	0269	 0230
15	 55	 05	 0388	0277	 0228
15	 55	 05	 0466	0275	 0229
15	 55	 05	 0540	0275	 0230
15	 55	 05	 0605	0275	 0231
15	 55	 05	 0683	0274	 0233
15	 55	 05	 0822	0273	 0236
15	 55	 05	 0905	0273	 0237
15	 55	 05	 0981	0274	 0238
15	 55	 06	 0049	0275	 0239
15	 55	 06	 0216	0327	 0156
15	 55	 06	 0291	0325	 0156
15	 55	 06	 0368	0323	 0155
15	 55	 06	 0423	0322	 0154
15	 55	 06	 0478	0320	 0153
15	 55	 06	 0533	0320	 0153
15	 55	 06	 0595	0318	 0153
15	 55	 06	 0667	0317	 0152
15	 55	 06	 0748	0315	 0152
15	 55	 06	 0821	0313	 0151
15	 55	 06	 0877	0312	 0151
15	 55	 06	 0951	0311	 0151
15	 55	 07	 0025	0309	 0150
15	 55	 07	 0080	0307	 0150
15	 55	 07	 0149	0306	 0149
15	 55	 07	 0207	0305	 0149
15	 55	 07	 0274	0303	 0148
15	 55	 07	 0341	0302	 0148
15	 55	 07	 0417	0301	 0148
15	 55	 07	 0480	0298	 0148
15	 55	 07	 0553	0297	 0148
15	 55	 07	 0637	0295	 0147
15	 55	 07	 0714	0293	 0147
15	 55	 07	 0791	0291	 0147
15	 55	 07	 0861	0290	 0147
15	 55	 07	 0932	0288	 0147
15	 55	 08	 0009	0287	 0147
15	 55	 08	 0066	0285	 0147
15	 55	 08	 0151	0283	 0147
15	 55	 08	 0222	0281	 0147
15	 55	 08	 0308	0280	 0147
15	 55	 08	 0385	0278	 0147
15	 55	 08	 0443	0277	 0147
15	 55	 08	 0505	0275	 0147
15	 55	 08	 0588	0274	 0147
15	 55	 08	 0643	0272	 0147
15	 55	 08	 0713	0271	 0148
15	 55	 08	 0767	0269	 0148
15	 55	 08	 0823	0268	 0148
15	 55	 08	 0886	0266	 0149
15	 55	 08	 0930	0266	 0148
15	 55	 08	 0997	0264	 0149
15	 55	 09	 0073	0263	 0149
15	 55	 09	 0142	0261	 0150
15	 55	 09	 0196	0260	 0151
15	 55	 09	 0271	0258	 0151
15	 55	 09	 0332	0257	 0152
15	 55	 09	 0419	0255	 0153
15	 55	 09	 0494	0253	 0153
15	 55	 09	 0541	0252	 0154
15	 55	 09	 0622	0251	 0155
15	 55	 09	 0699	0249	 0156
15	 55	 09	 0778	0248	 0157
15	 55	 09	 0854	0247	 0158
15	 55	 09	 0931	0245	 0160
15	 55	 09	 0994	0243	 0161
15	 55	 10	 0051	0242	 0162
15	 55	 10	 0111	0242	 0162
15	 55	 10	 0182	0241	 0163
15	 55	 10	 0236	0239	 0165
15	 55	 10	 0290	0238	 0166
15	 55	 10	 0348	0238	 0167
15	 55	 10	 0418	0236	 0168
15	 55	 10	 0492	0234	 0170
15	 55	 10	 0551	0233	 0171
15	 55	 10	 0607	0233	 0172
15	 55	 10	 0675	0232	 0173
15	 55	 10	 0744	0231	 0174
15	 55	 10	 0822	0229	 0177
15	 55	 10	 0903	0228	 0178
15	 55	 10	 0963	0227	 0180
15	 55	 11	 0043	0226	 0181
15	 55	 11	 0087	0225	 0182
15	 55	 11	 0169	0224	 0183
15	 55	 11	 0246	0223	 0184
15	 55	 11	 0323	0222	 0185
15	 55	 11	 0393	0221	 0188
15	 55	 11	 0450	0221	 0189
15	 55	 11	 0526	0220	 0190
15	 55	 11	 0606	0219	 0192
15	 55	 11	 0686	0218	 0193
15	 55	 11	 0760	0217	 0194
15	 55	 11	 0843	0216	 0196
15	 55	 11	 0909	0216	 0197
15	 55	 11	 0978	0215	 0198
15	 55	 12	 0057	0215	 0200
15	 55	 12	 0134	0214	 0202
15	 55	 12	 0189	0213	 0203
15	 55	 12	 0245	0213	 0203
15	 55	 12	 0305	0213	 0204
15	 55	 12	 0361	0212	 0205
15	 55	 12	 0418	0212	 0206
15	 55	 12	 0477	0212	 0207
15	 55	 12	 0546	0212	 0209
15	 55	 12	 0624	0212	 0210
15	 55	 12	 0698	0212	 0212
15	 55	 12	 0772	0211	 0214
15	 55	 12	 0840	0211	 0215
15	 55	 12	 0916	0211	 0217
15	 55	 12	 0971	0212	 0218
15	 55	 13	 0045	0212	 0219
15	 55	 13	 0121	0213	 0221
15	 55	 13	 0198	0213	 0224
15	 55	 13	 0242	0213	 0224
15	 55	 13	 0309	0214	 0226
15	 55	 13	 0355	0214	 0228
15	 55	 13	 0433	0214	 0230
15	 55	 13	 0509	0214	 0232
15	 55	 13	 0565	0215	 0233
15	 55	 13	 0622	0216	 0235
15	 55	 13	 0689	0217	 0237
15	 55	 13	 0746	0217	 0238
15	 55	 13	 0817	0218	 0240
15	 55	 13	 0887	0219	 0242
15	 55	 13	 0964	0221	 0245
15	 55	 14	 0040	0222	 0247
15	 55	 14	 0123	0223	 0249
15	 55	 14	 0197	0224	 0252
15	 55	 14	 0280	0226	 0254
15	 55	 14	 0356	0227	 0256
15	 55	 14	 0434	0229	 0259
15	 55	 14	 0511	0231	 0262
15	 55	 14	 0588	0232	 0263
15	 55	 14	 0665	0234	 0266
15	 55	 14	 0722	0236	 0268
15	 55	 14	 0791	0237	 0269
15	 55	 14	 0873	0240	 0272
15	 55	 14	 0951	0242	 0273
15	 55	 15	 0027	0244	 0275
15	 55	 15	 0088	0246	 0277
15	 55	 15	 0168	0247	 0279
15	 55	 15	 0245	0249	 0281
15	 55	 15	 0298	0251	 0282
15	 55	 15	 0355	0253	 0284
15	 55	 15	 0426	0256	 0285
15	 55	 15	 0479	0257	 0285
15	 55	 15	 0533	0259	 0287
15	 55	 15	 0591	0261	 0288
15	 55	 15	 0663	0263	 0290
15	 55	 15	 0825	0270	 0334
15	 55	 15	 0902	0271	 0334
15	 55	 15	 0982	0271	 0334
15	 55	 16	 0057	0272	 0334
15	 55	 16	 0118	0273	 0334
15	 55	 16	 0176	0273	 0334
$$END TRACK
$NEW TRACK
HR	 MIN	 SEC	 MSEC	 X(px)	 Y(px)
15	 55	 00	 0023	0370	 0262
15	 55	 00	 0089	0371	 0262
15	 55	 00	 0161	0371	 0260
15	 55	 00	 0234	0371	 0259
15	 55	 00	 0309	0371	 0258
15	 55	 00	 0387	0372	 0256
15	 55	 00	 0543	0372	 0254
15	 55	 00	 0586	0372	 0253
15	 55	 00	 0671	0372	 0252
15	 55	 00	 0746	0372	 0251
15	 55	 00	 0820	0372	 0249
15	 55	 00	 0886	0373	 0247
15	 55	 00	 0963	0373	 0247
15	 55	 01	 0112	0373	 0243
15	 55	 01	 0179	0373	 0242
15	 55	 01	 0246	0373	 0241
15	 55	 01	 0322	0373	 0239
15	 55	 01	 0379	0373	 0238
15	 55	 01	 0447	0373	 0237
15	 55	 01	 0529	0374	 0235
15	 55	 01	 0607	0374	 0233
15	 55	 01	 0681	0374	 0232
15	 55	 01	 0737	0374	 0231
15	 55	 01	 0806	0374	 0229
15	 55	 01	 0863	0373	 0228
15	 55	 01	 0933	0373	 0227
15	 55	 02	 0011	0374	 0225
15	 55	 02	 0055	0373	 0224
15	 55	 02	 0139	0374	 0222
15	 55	 02	 0212	0374	 0221
15	 55	 02	 0271	0374	 0220
15	 55	 02	 0342	0373	 0219
15	 55	 02	 0416	0373	 0218
15	 55	 02	 0473	0373	 0216
15	 55	 02	 0543	0372	 0215
15	 55	 02	 0585	0372	 0213
15	 55	 02	 0652	0372	 0212
15	 55	 02	 0699	0372	 0212
15	 55	 02	 0759	0372	 0211
15	 55	 02	 0833	0371	 0210
15	 55	 02	 0979	0371	 0207
15	 55	 03	 0043	0370	 0206
15	 55	 03	 0102	0370	 0205
15	 55	 03	 0169	0370	 0204
15	 55	 03	 0247	0369	 0203
15	 55	 03	 0320	0368	 0201
15	 55	 03	 0379	0368	 0200
15	 55	 03	 0448	0368	 0200
15	 55	 03	 0526	0367	 0198
15	 55	 03	 0570	0367	 0197
15	 55	 03	 0651	0366	 0197
15	 55	 03	 0720	0365	 0195
15	 55	 03	 0769	0365	 0194
15	 55	 03	 0832	0365	 0193
15	 55	 03	 0902	0364	 0192
15	 55	 03	 0978	0363	 0191
15	 55	 04	 0033	0363	 0190
15	 55	 04	 0106	0362	 0189
15	 55	 04	 0182	0361	 0188
15	 55	 04	 0260	0360	 0186
15	 55	 04	 0332	0359	 0185
15	 55	 04	 0404	0359	 0184
15	 55	 04	 0473	0358	 0183
15	 55	 04	 0557	0356	 0181
15	 55	 04	 0634	0355	 0180
15	 55	 04	 0716	0354	 0179
15	 55	 04	 0794	0353	 0178
15	 55	 04	 0871	0352	 0177
15	 55	 04	 0942	0351	 0175
15	 55	 05	 0014	0350	 0174
15	 55	 05	 0087	0348	 0173
15	 55	 05	 0168	0347	 0172
15	 55	 05	 0243	0345	 0171
15	 55	 05	 0301	0344	 0169
15	 55	 05	 0388	0342	 0167
15	 55	 05	 0466	0341	 0166
15	 55	 05	 0540	0340	 0166
15	 55	 05	 0605	0339	 0165
15	 55	 05	 0683	0338	 0164
15	 55	 05	 0746	0336	 0162
15	 55	 05	 0822	0335	 0161
15	 55	 05	 0905	0333	 0160
15	 55	 05	 0981	0332	 0160
15	 55	 06	 0049	0330	 0158
15	 55	 06	 0137	0329	 0157
15	 55	 06	 0216	0327	 0156
15	 55	 06	 0291	0325	 0156
15	 55	 06	 0368	0323	 0155
15	 55	 06	 0423	0322	 0154
15	 55	 06	 0478	0320	 0153
15	 55	 06	 0533	0320	 0153
15	 55	 06	 0595	0318	 0153
15	 55	 06	 0667	0317	 0152
15	 55	 06	 0748	0315	 0152
15	 55	 06	 0821	0313	 0151
15	 55	 06	 0877	0312	 0151
15	 55	 06	 0951	0311	 0151
15	 55	 07	 0025	0309	 0150
15	 55	 07	 0080	0307	 0150
15	 55	 07	 0149	0306	 0149
15	 55	 07	 0207	0305	 0149
15	 55	 07	 0274	0303	 0148
15	 55	 07	 0341	0302	 0148
15	 55	 07	 0417	0301	 0148
15	 55	 07	 0480	0298	 0148
15	 55	 07	 0553	0297	 0148
15	 55	 07	 0637	0295	 0147
15	 55	 07	 0714	0293	 0147
15	 55	 07	 0791	0291	 0147
15	 55	 07	 0861	0290	 0147
15	 55	 07	 0932	0288	 0147
15	 55	 08	 0009	0287	 0147
15	 55	 08	 0066	0285	 0147
15	 55	 08	 0151	0283	 0147
15	 55	 08	 0222	0281	 0147
15	 55	 08	 0308	0280	 0147
15	 55	 08	 0385	0278	 0147
15	 55	 08	 0443	0277	 0147
15	 55	 08	 0505	0275	 0147
15	 55	 08	 0588	0274	 0147
15	 55	 08	 0643	0272	 0147
15	 55	 08	 0713	0271	 0148
15	 55	 08	 0767	0269	 0148
15	 55	 08	 0823	0268	 0148
15	 55	 08	 0886	0266	 0149
15	 55	 08	 0930	0266	 0148
15	 55	 08	 0997	0264	 0149
15	 55	 09	 0073	0263	 0149
15	 55	 09	 0142	0261	 0150
15	 55	 09	 0196	0260	 0151
15	 55	 09	 0271	0258	 0151
15	 55	 09	 0332	0257	 0152
15	 55	 09	 0419	0255	 0153
15	 55	 09	 0494	0253	 0153
15	 55	 09	 0541	0252	 0154
15	 55	 09	 0622	0251	 0155
15	 55	 09	 0699	0249	 0156
15	 55	 09	 0778	0248	 0157
15	 55	 09	 0854	0247	 0158
15	 55	 09	 0931	0245	 0160
15	 55	 09	 0994	0243	 0161
15	 55	 10	 0051	0242	 0162
15	 55	 10	 0111	0242	 0162
15	 55	 10	 0182	0241	 0163
15	 55	 10	 0236	0239	 0165
15	 55	 10	 0290	0238	 0166
15	 55	 10	 0348	0238	 0167
15	 55	 10	 0418	0236	 0168
15	 55	 10	 0492	0234	 0170
15	 55	 10	 0551	0233	 0171
15	 55	 10	 0607	0233	 0172
15	 55	 10	 0675	0232	 0173
15	 55	 10	 0744	0231	 0174
15	 55	 10	 0822	0229	 0177
15	 55	 10	 0903	0228	 0178
15	 55	 10	 0963	0227	 0180
15	 55	 11	 0043	0226	 0181
15	 55	 11	 0087	0225	 0182
15	 55	 11	 0169	0224	 0183
15	 55	 11	 0246	0223	 0184
15	 55	 11	 0323	0222	 0185
15	 55	 11	 0393	0221	 0188
15	 55	 11	 0450	0221	 0189
15	 55	 11	 0526	0220	 0190
15	 55	 11	 0606	0219	 0192
15	 55	 11	 0686	0218	 0193
15	 55	 11	 0760	0217	 0194
15	 55	 11	 0843	0216	 0196
15	 55	 11	 0909	0216	 0197
15	 55	 11	 0978	0215	 0198
15	 55	 12	 0057	0215	 0200
15	 55	 12	 0134	0214	 0202
15	 55	 12	 0189	0213	 0203
15	 55	 12	 0245	0213	 0203
15	 55	 12	 0305	0213	 0204
15	 55	 12	 0361	0212	 0205
15	 55	 12	 0418	0212	 0206
15	 55	 12	 0477	0212	 0207
15	 55	 12	 0546	0212	 0209
15	 55	 12	 0624	0212	 0210
15	 55	 12	 0698	0212	 0212
15	 55	 12	 0772	0211	 0214
15	 55	 12	 0840	0211	 0215
15	 55	 12	 0916	0211	 0217
15	 55	 12	 0971	0212	 0218
15	 55	 13	 0045	0212	 0219
15	 55	 13	 0121	0213	 0221
15	 55	 13	 0198	0213	 0224
15	 55	 13	 0242	0213	 0224
15	 55	 13	 0309	0214	 0226
15	 55	 13	 0355	0214	 0228
15	 55	 13	 0433	0214	 0230
15	 55	 13	 0509	0214	 0232
15	 55	 13	 0565	0215	 0233
15	 55	 13	 0622	0216	 0235
15	 55	 13	 0689	0217	 0237
15	 55	 13	 0746	0217	 0238
15	 55	 13	 0817	0218	 0240
15	 55	 13	 0887	0219	 0242
15	 55	 13	 0964	0221	 0245
15	 55	 14	 0040	0222	 0247
15	 55	 14	 0123	0223	 0249
15	 55	 14	 0197	0224	 0252
15	 55	 14	 0280	0226	 0254
15	 55	 14	 0356	0227	 0256
15	 55	 14	 0434	0229	 0259
15	 55	 14	 0511	0231	 0262
15	 55	 14	 0588	0232	 0263
15	 55	 14	 0665	0234	 0266
15	 55	 14	 0722	0236	 0268
15	 55	 14	 0791	0237	 0269
15	 55	 14	 0873	0240	 0272
15	 55	 14	 0951	0242	 0273
15	 55	 15	 0027	0244	 0275
15	 55	 15	 0088	0246	 0277
15	 55	 15	 0168	0247	 0279
15	 55	 15	 0245	0249	 0281
15	 55	 15	 0298	0251	 0282
15	 55	 15	 0355	0253	 0284
15	 55	 15	 0426	0256	 0285
15	 55	 15	 0479	0257	 0285
15	 55	 15	 0533	0259	 0287
15	 55	 15	 0591	0261	 0288
15	 55	 15	 0663	0263	 0290
15	 55	 15	 0825	0270	 0334
15	 55	 15	 0902	0271	 0334
15	 55	 15	 0982	0271	 0334
15	 55	 16	 0057	0272	 0334
15	 55	 16	 0118	0273	 0334
15	 55	 16	 0176	0273	 0334
$$END TRACK
$NEW TRACK
HR	 MIN	 SEC	 MSEC	 X(px)	 Y(px)
15	 55	 05	 0243	0269	 0230
15	 55	 05	 0388	0277	 0228
15	 55	 05	 0466	0275	 0229
15	 55	 05	 0540	0275	 0230
15	 55	 05	 0605	0275	 0231
15	 55	 05	 0683	0274	 0233
15	 55	 05	 0822	0273	 0236
15	 55	 05	 0905	0273	 0237
15	 55	 05	 0981	0274	 0238
15	 55	 06	 0049	0275	 0239
15	 55	 06	 0216	0327	 0156
15	 55	 06	 0291	0325	 0156
15	 55	 06	 0368	0323	 0155
15	 55	 06	 0423	0322	 0154
15	 55	 06	 0478	0320	 0153
15	 55	 06	 0533	0320	 0153
15	 55	 06	 0595	0318	 0153
15	 55	 06	 0667	0317	 0152
15	 55	 06	 0748	0315	 0152
15	 55	 06	 0821	0313	 0151
15	 55	 06	 0877	0312	 0151
15	 55	 06	 0951	0311	 0151
15	 55	 07	 0025	0309	 0150
15	 55	 07	 0080	0307	 0150
15	 55	 07	 0149	0306	 0149
15	 55	 07	 0207	0305	 0149
15	 55	 07	 0274	0303	 0148
15	 55	 07	 0341	0302	 0148
15	 55	 07	 0417	0301	 0148
15	 55	 07	 0480	0298	 0148
15	 55	 07	 0553	0297	 0148
15	 55	 07	 0637	0295	 0147
15	 55	 07	 0714	0293	 0147
15	 55	 07	 0791	0291	 0147
15	 55	 07	 0861	0290	 0147
15	 55	 07	 0932	0288	 0147
15	 55	 08	 0009	0287	 0147
15	 55	 08	 0066	0285	 0147
15	 55	 08	 0151	0283	 0147
15	 55	 08	 0222	0281	 0147
15	 55	 08	 0308	0280	 0147
15	 55	 08	 0385	0278	 0147
15	 55	 08	 0443	0277	 0147
15	 55	 08	 0505	0275	 0147
15	 55	 08	 0588	0274	 0147
15	 55	 08	 0643	0272	 0147
15	 55	 08	 0713	0271	 0148
15	 55	 08	 0767	0269	 0148
15	 55	 08	 0823	0268	 0148
15	 55	 08	 0886	0266	 0149
15	 55	 08	 0930	0266	 0148
15	 55	 08	 0997	0264	 0149
15	 55	 09	 0073	0263	 0149
15	 55	 09	 0142	0261	 0150
15	 55	 09	 0196	0260	 0151
15	 55	 09	 0271	0258	 0151
15	 55	 09	 0332	0257	 0152
15	 55	 09	 0419	0255	 0153
15	 55	 09	 0494	0253	 0153
15	 55	 09	 0541	0252	 0154
15	 55	 09	 0622	0251	 0155
15	 55	 09	 0699	0249	 0156
15	 55	 09	 0778	0248	 0157
15	 55	 09	 0854	0247	 0158
15	 55	 09	 0931	0245	 0160
15	 55	 09	 0994	0243	 0161
15	 55	 10	 0051	0242	 0162
15	 55	 10	 0111	0242	 0162
15	 55	 10	 0182	0241	 0163
15	 55	 10	 0236	0239	 0165
15	 55	 10	 0290	0238	 0166
15	 55	 10	 0348	0238	 0167
15	 55	 10	 0418	0236	 0168
15	 55	 10	 0492	0234	 0170
15	 55	 10	 0551	0233	 0171
15	 55	 10	 0607	0233	 0172
15	 55	 10	 0675	0232	 0173
15	 55	 10	 0744	0231	 0174
15	 55	 10	 0822	0229	 0177
15	 55	 10	 0903	0228	 0178
15	 55	 10	 0963	0227	 0180
15	 55	 11	 0043	0226	 0181
15	 55	 11	 0087	0225	 0182
15	 55	 11	 0169	0224	 0183
15	 55	 11	 0246	0223	 0184
15	 55	 11	 0323	0222	 0185
15	 55	 11	 0393	0221	 0188
15	 55	 11	 0450	0221	 0189
15	 55	 11	 0526	0220	 0190
15	 55	 11	 0606	0219	 0192
15	 55	 11	 0686	0218	 0193
15	 55	 11	 0760	0217	 0194
15	 55	 11	 0843	0216	 0196
15	 55	 11	 0909	0216	 0197
15	 55	 11	 0978	0215	 0198
15	 55	 12	 0057	0215	 0200
15	 55	 12	 0134	0214	 0202
15	 55	 12	 0189	0213	 0203
15	 55	 12	 0245	0213	 0203
15	 55	 12	 0305	0213	 0204
15	 55	 12	 0361	0212	 0205
15	 55	 12	 0418	0212	 0206
15	 55	 12	 0477	0212	 0207
15	 55	 12	 0546	0212	 0209
15	 55	 12	 0624	0212	 0210
15	 55	 12	 0698	0212	 0212
15	 55	 12	 0772	0211	 0214
15	 55	 12	 0840	0211	 0215
15	 55	 12	 0916	0211	 0217
15	 55	 12	 0971	0212	 0218
15	 55	 13	 0045	0212	 0219
15	 55	 13	 0121	0213	 0221
15	 55	 13	 0198	0213	 0224
15	 55	 13	 0242	0213	 0224
15	 55	 13	 0309	0214	 0226
15	 55	 13	 0355	0214	 0228
15	 55	 13	 0433	0214	 0230
15	 55	 13	 0509	0214	 0232
15	 55	 13	 0565	0215	 0233
15	 55	 13	 0622	0216	 0235
15	 55	 13	 0689	0217	 0237
15	 55	 13	 0746	0217	 0238
15	 55	 13	 0817	0218	 0240
15	 55	 13	 0887	0219	 0242
15	 55	 13	 0964	0221	 0245
15	 55	 14	 0040	0222	 0247
15	 55	 14	 0123	0223	 0249
15	 55	 14	 0197	0224	 0252
15	 55	 14	 0280	0226	 0254
15	 55	 14	 0356	0227	 0256
15	 55	 14	 0434	0229	 0259
15	 55	 14	 0511	0231	 0262
15	 55	 14	 0588	0232	 0263
15	 55	 14	 0665	0234	 0266
15	 55	 14	 0722	0236	 0268
15	 55	 14	 0791	0237	 0269
15	 55	 14	 0873	0240	 0272
15	 55	 14	 0951	0242	 0273
15	 55	 15	 0027	0244	 0275
15	 55	 15	 0088	0246	 0277
15	 55	 15	 0168	0247	 0279
15	 55	 15	 0245	0249	 0281
15	 55	 15	 0298	0251	 0282
15	 55	 15	 0355	0253	 0284
15	 55	 15	 0426	0256	 0285
15	 55	 15	 0479	0257	 0285
15	 55	 15	 0533	0259	 0287
15	 55	 15	 0591	0261	 0288
15	 55	 15	 0663	0263	 0290
15	 55	 15	 0825	0270	 0334
15	 55	 15	 0902	0271	 0334
15	 55	 15	 0982	0271	 0334
15	 55	 16	 0057	0272	 0334
15	 55	 16	 0118	0273	 0334
15	 55	 16	 0176	0273	 0334
$$END TRACK
$NEW TRACK
HR	 MIN	 SEC	 MSEC	 X(px)	 Y(px)
15	 55	 07	 0025	0285	 0242
15	 55	 07	 0080	0286	 0243
15	 55	 07	 0149	0287	 0243
15	 55	 07	 0207	0288	 0243
15	 55	 07	 0274	0289	 0241
15	 55	 07	 0341	0289	 0240
15	 55	 07	 0417	0287	 0239
15	 55	 07	 0480	0287	 0238
15	 55	 07	 0553	0287	 0238
15	 55	 07	 0637	0288	 0236
15	 55	 07	 0714	0289	 0235
15	 55	 07	 0791	0289	 0234
15	 55	 07	 0932	0200	 0298
15	 55	 08	 0009	0201	 0299
15	 55	 08	 0066	0202	 0299
15	 55	 08	 0151	0202	 0300
15	 55	 08	 0222	0203	 0301
15	 55	 08	 0308	0203	 0302
15	 55	 08	 0385	0204	 0302
15	 55	 08	 0443	0204	 0303
15	 55	 08	 0505	0205	 0303
15	 55	 08	 0588	0206	 0304
15	 55	 08	 0643	0206	 0304
15	 55	 08	 0713	0207	 0305
15	 55	 08	 0767	0208	 0305
15	 55	 08	 0823	0208	 0306
15	 55	 08	 0886	0209	 0306
15	 55	 08	 0930	0209	 0306
15	 55	 08	 0997	0210	 0307
15	 55	 09	 0073	0210	 0307
15	 55	 09	 0142	0211	 0308
15	 55	 09	 0196	0212	 0308
15	 55	 09	 0271	0212	 0309
15	 55	 09	 0332	0213	 0309
15	 55	 09	 0419	0213	 0310
15	 55	 09	 0494	0214	 0311
15	 55	 09	 0541	0214	 0311
15	 55	 09	 0622	0215	 0312
15	 55	 09	 0699	0216	 0312
15	 55	 09	 0778	0216	 0312
15	 55	 09	 0854	0217	 0313
15	 55	 09	 0931	0218	 0313
15	 55	 09	 0994	0219	 0314
15	 55	 10	 0051	0219	 0314
15	 55	 10	 0111	0219	 0315
15	 55	 10	 0182	0220	 0315
15	 55	 10	 0236	0221	 0316
15	 55	 10	 0290	0221	 0316
15	 55	 10	 0348	0222	 0316
15	 55	 10	 0418	0222	 0317
15	 55	 10	 0492	0223	 0317
15	 55	 10	 0551	0224	 0318
15	 55	 10	 0607	0224	 0318
15	 55	 10	 0675	0224	 0319
15	 55	 10	 0744	0225	 0319
15	 55	 10	 0822	0226	 0319
15	 55	 10	 0903	0227	 0320
15	 55	 10	 0963	0228	 0321
15	 55	 11	 0043	0228	 0321
15	 55	 11	 0087	0229	 0322
15	 55	 11	 0169	0229	 0322
15	 55	 11	 0246	0230	 0323
15	 55	 11	 0323	0230	 0323
15	 55	 11	 0393	0231	 0323
15	 55	 11	 0450	0232	 0324
15	 55	 11	 0526	0232	 0324
15	 55	 11	 0606	0233	 0325
15	 55	 11	 0686	0233	 0325
15	 55	 11	 0760	0234	 0326
15	 55	 11	 0843	0235	 0326
15	 55	 11	 0909	0235	 0326
15	 55	 11	 0978	0235	 0327
15	 55	 12	 0057	0236	 0326
15	 55	 12	 0134	0237	 0327
15	 55	 12	 0189	0237	 0327
15	 55	 12	 0245	0237	 0327
15	 55	 12	 0305	0238	 0328
15	 55	 12	 0361	0238	 0328
15	 55	 12	 0418	0238	 0328
15	 55	 12	 0477	0239	 0328
15	 55	 12	 0546	0240	 0328
15	 55	 12	 0624	0240	 0328
15	 55	 12	 0698	0241	 0328
15	 55	 12	 0772	0241	 0329
15	 55	 12	 0840	0241	 0329
15	 55	 12	 0916	0242	 0329
15	 55	 12	 0971	0242	 0329
15	 55	 13	 0045	0243	 0329
15	 55	 13	 0121	0244	 0329
15	 55	 13	 0198	0245	 0329
15	 55	 13	 0242	0246	 0329
15	 55	 13	 0309	0246	 0329
15	 55	 13	 0355	0246	 0330
15	 55	 13	 0433	0247	 0330
15	 55	 13	 0509	0247	 0330
15	 55	 13	 0565	0248	 0330
15	 55	 13	 0622	0249	 0330
15	 55	 13	 0689	0249	 0330
15	 55	 13	 0746	0250	 0330
15	 55	 13	 0817	0250	 0330
15	 55	 13	 0887	0251	 0330
15	 55	 13	 0964	0252	 0330
15	 55	 14	 0040	0253	 0331
15	 55	 14	 0123	0254	 0331
15	 55	 14	 0197	0254	 0331
15	 55	 14	 0280	0255	 0331
15	 55	 14	 0356	0256	 0331
15	 55	 14	 0434	0257	 0331
15	 55	 14	 0511	0258	 0332
15	 55	 14	 0588	0258	 0332
15	 55	 14	 0665	0260	 0332
15	 55	 14	 0722	0260	 0332
15	 55	 14	 0791	0261	 0332
15	 55	 14	 0873	0262	 0332
15	 55	 14	 0951	0262	 0332
15	 55	 15	 0027	0263	 0333
15	 55	 15	 0088	0264	 0333
15	 55	 15	 0168	0264	 0333
15	 55	 15	 0245	0265	 0333
15	 55	 15	 0298	0265	 0333
15	 55	 15	 0355	0266	 0334
15	 55	 15	 0426	0267	 0334
15	 55	 15	 0479	0267	 0333
15	 55	 15	 0533	0268	 0334
15	 55	 15	 0591	0268	 0334
15	 55	 15	 0663	0269	 0334
15	 55	 15	 0747	0269	 0334
15	 55	 15	 0825	0270	 0334
15	 55	 15	 0902	0271	 0334
15	 55	 15	 0982	0271	 0334
15	 55	 16	 0057	0272	 0334
15	 55	 16	 0118	0273	 0334
15	 55	 16	 0176	0273	 0334
$$END TRACK
$NEW TRACK
HR	 MIN	 SEC	 MSEC	 X(px)	 Y(px)
15	 56	 06	 0941	0311	 0232
15	 56	 07	 0025	0316	 0231
15	 56	 07	 0089	0321	 0229
15	 56	 07	 0133	0325	 0227
15	 56	 07	 0215	0328	 0223
15	 56	 07	 0293	0330	 0218
15	 56	 07	 0370	0332	 0214
15	 56	 07	 0450	0331	 0206
15	 56	 07	 0520	0330	 0203
15	 56	 07	 0583	0329	 0200
15	 56	 07	 0667	0326	 0197
15	 56	 07	 0746	0296	 0212
15	 56	 07	 0823	0297	 0217
15	 56	 07	 0902	0300	 0221
15	 56	 07	 0980	0304	 0227
15	 56	 08	 0060	0309	 0230
15	 56	 08	 0132	0313	 0232
15	 56	 08	 0199	0318	 0234
15	 56	 08	 0277	0326	 0232
15	 56	 08	 0353	0330	 0230
15	 56	 08	 0407	0335	 0231
15	 56	 08	 0464	0338	 0227
15	 56	 08	 0535	0341	 0222
15	 56	 08	 0599	0342	 0220
15	 56	 08	 0660	0343	 0214
15	 56	 08	 0728	0342	 0210
15	 56	 08	 0885	0318	 0307
15	 56	 09	 0010	0320	 0272
15	 56	 09	 0065	0310	 0273
15	 56	 09	 0117	0263	 0257
15	 56	 09	 0183	0311	 0273
15	 56	 09	 0260	0320	 0273
15	 56	 09	 0340	0309	 0274
15	 56	 09	 0419	0325	 0272
15	 56	 09	 0493	0334	 0307
15	 56	 09	 0572	0349	 0301
15	 56	 09	 0627	0334	 0310
15	 56	 09	 0695	0334	 0311
15	 56	 09	 0839	0554	 0345
15	 56	 09	 0919	0553	 0345
15	 56	 09	 0979	0464	 0298
15	 56	 10	 0049	0465	 0300
15	 56	 10	 0197	0456	 0319
15	 56	 10	 0279	0456	 0318
15	 56	 10	 0429	0317	 0272
15	 56	 10	 0494	0314	 0270
15	 56	 10	 0565	0318	 0277
15	 56	 10	 0636	0322	 0277
15	 56	 10	 0707	0319	 0278
15	 56	 10	 0759	0320	 0278
15	 56	 10	 0814	0321	 0277
15	 56	 10	 0869	0319	 0278
15	 56	 10	 0930	0328	 0277
$$END TRACK
$NEW TRACK
HR	 MIN	 SEC	 MSEC	 X(px)	 Y(px)
15	 56	 23	 0729	0262	 0238
15	 56	 23	 0798	0265	 0230
15	 56	 23	 0856	0264	 0231
15	 56	 23	 0932	0265	 0229
15	 56	 24	 0004	0265	 0230
15	 56	 24	 0091	0264	 0237
15	 56	 24	 0161	0344	 0214
15	 56	 24	 0229	0343	 0212
15	 56	 24	 0306	0271	 0221
15	 56	 24	 0386	0268	 0226
15	 56	 24	 0460	0269	 0225
15	 56	 24	 0527	0310	 0231
15	 56	 24	 0582	0313	 0236
15	 56	 24	 0634	0318	 0241
15	 56	 24	 0695	0323	 0242
15	 56	 24	 0762	0323	 0241
15	 56	 24	 0814	0328	 0241
15	 56	 24	 0877	0332	 0241
15	 56	 24	 0952	0339	 0239
15	 56	 25	 0029	0343	 0236
15	 56	 25	 0089	0343	 0234
$$END TRACK
$NEW TRACK
HR	 MIN	 SEC	 MSEC	 X(px)	 Y(px)
15	 57	 06	 0133	0336	 0241
15	 57	 06	 0202	0340	 0239
15	 57	 06	 0276	0343	 0235
15	 57	 06	 0351	0346	 0232
15	 57	 06	 0419	0348	 0225
15	 57	 06	 0494	0321	 0216
15	 57	 06	 0549	0321	 0216
15	 57	 06	 0621	0321	 0216
15	 57	 06	 0696	0321	 0216
15	 57	 06	 0776	0321	 0215
15	 57	 06	 0854	0322	 0215
15	 57	 06	 0909	0322	 0215
15	 57	 06	 0962	0306	 0213
15	 57	 07	 0030	0305	 0214
15	 57	 07	 0186	0302	 0224
15	 57	 07	 0260	0302	 0228
15	 57	 07	 0315	0305	 0231
15	 57	 07	 0388	0308	 0234
15	 57	 07	 0455	0314	 0236
15	 57	 07	 0517	0316	 0237
15	 57	 07	 0570	0321	 0237
15	 57	 07	 0636	0325	 0235
15	 57	 07	 0711	0329	 0233
15	 57	 07	 0777	0333	 0230
15	 57	 07	 0857	0335	 0226
15	 57	 07	 0931	0337	 0222
15	 57	 08	 0051	0310	 0304
15	 57	 08	 0111	0310	 0304
15	 57	 08	 0181	0309	 0304
15	 57	 08	 0254	0309	 0304
15	 57	 08	 0304	0309	 0304
15	 57	 08	 0369	0311	 0304
15	 57	 08	 0414	0311	 0304
15	 57	 08	 0482	0310	 0304
15	 57	 08	 0555	0311	 0304
15	 57	 08	 0623	0311	 0304
15	 57	 08	 0697	0310	 0304
15	 57	 08	 0752	0310	 0304
15	 57	 08	 0823	0311	 0304
15	 57	 08	 0900	0310	 0304
15	 57	 08	 0958	0309	 0304
15	 57	 09	 0025	0306	 0304
15	 57	 09	 0082	0306	 0304
15	 57	 09	 0143	0306	 0304
15	 57	 09	 0197	0301	 0303
15	 57	 09	 0265	0300	 0303
15	 57	 09	 0338	0300	 0303
15	 57	 09	 0417	0301	 0303
15	 57	 09	 0494	0300	 0303
15	 57	 09	 0619	0335	 0206
15	 56	 10	 0707	0336	 0206
15	 56	 10	 0759	0335	 0205
15	 56	 10	 0814	0334	 0203
15	 56	 10	 0869	0334	 0203
15	 56	 10	 0930	0336	 0207
$$END TRACK
$NEW TRACK
HR	 MIN	 SEC	 MSEC	 X(px)	 Y(px)
15	 57	 26	 0603	0316	 0206
15	 57	 26	 0658	0316	 0206
15	 57	 26	 0723	0316	 0207
15	 57	 26	 0790	0316	 0207
15	 57	 26	 0856	0316	 0207
15	 57	 26	 0919	0317	 0208
15	 57	 26	 0976	0325	 0230
15	 57	 27	 0032	0329	 0228
15	 57	 27	 0097	0332	 0233
15	 57	 27	 0150	0334	 0222
15	 57	 27	 0216	0336	 0218
15	 57	 27	 0291	0336	 0214
15	 57	 27	 0353	0336	 0210
15	 57	 27	 0408	0333	 0206
15	 57	 27	 0462	0330	 0203
15	 57	 27	 0518	0329	 0201
15	 57	 27	 0590	0324	 0200
15	 57	 27	 0664	0330	 0195
15	 57	 27	 0720	0326	 0193
15	 57	 27	 0783	0323	 0193
15	 57	 27	 0855	0257	 0216
15	 57	 07	 0636	0253	 0251
15	 57	 07	 0777	0278	 0292
15	 57	 07	 0931	0421	 0336
15	 57	 07	 0989	0420	 0336
15	 57	 08	 0051	0420	 0337
15	 57	 08	 0111	0420	 0337
15	 57	 08	 0181	0420	 0337
15	 57	 08	 0254	0420	 0337
15	 57	 08	 0304	0420	 0337
15	 57	 08	 0369	0419	 0338
15	 57	 08	 0414	0419	 0338
15	 57	 08	 0482	0310	 0304
15	 57	 08	 0555	0311	 0304
15	 57	 08	 0623	0311	 0304
15	 57	 08	 0697	0310	 0304
15	 57	 08	 0752	0310	 0304
15	 57	 08	 0823	0311	 0304
15	 57	 08	 0900	0310	 0304
15	 57	 08	 0958	0309	 0304
15	 57	 09	 0025	0306	 0304
15	 57	 09	 0082	0306	 0304
15	 57	 09	 0143	0306	 0304
15	 57	 09	 0197	0301	 0303
15	 57	 09	 0265	0300	 0303
15	 57	 09	 0338	0300	 0303
15	 57	 09	 0417	0301	 0303
15	 57	 09	 0494	0300	 0303
15	 57	 09	 0619	0335	 0206
15	 56	 10	 0707	0336	 0206
15	 56	 10	 0759	0335	 0205
15	 56	 10	 0814	0334	 0203
15	 56	 10	 0869	0334	 0203
15	 56	 10	 0930	0336	 0207
$$END TRACK
$NEW TRACK
HR	 MIN	 SEC	 MSEC	 X(px)	 Y(px)
15	 57	 26	 0603	0314	 0233
15	 57	 26	 0658	0319	 0234
15	 57	 26	 0723	0325	 0233
15	 57	 26	 0790	0327	 0232
15	 57	 26	 0856	0331	 0233
15	 57	 26	 0919	0335	 0230
15	 57	 26	 0976	0338	 0225
15	 57	 27	 0032	0340	 0220
15	 57	 27	 0097	0341	 0215
15	 57	 27	 0150	0341	 0212
15	 57	 27	 0216	0339	 0207
15	 57	 27	 0291	0337	 0203
15	 57	 27	 0408	0372	 0244
15	 57	 27	 0518	0363	 0254
15	 57	 27	 0590	0363	 0254
15	 57	 27	 0664	0363	 0253
15	 57	 27	 0720	0363	 0252
15	 57	 27	 0783	0363	 0253
15	 57	 27	 0855	0363	 0253
$$END TRACK
$NEW TRACK
HR	 MIN	 SEC	 MSEC	 X(px)	 Y(px)
15	 58	 04	 0924	0326	 0240
15	 58	 04	 0994	0328	 0243
15	 58	 05	 0074	0331	 0245
15	 58	 05	 0150	0336	 0247
15	 58	 05	 0234	0339	 0248
15	 58	 05	 0309	0344	 0247
15	 58	 05	 0361	0359	 0242
15	 58	 05	 0433	0360	 0237
15	 58	 05	 0485	0361	 0232
15	 58	 05	 0540	0362	 0227
15	 58	 05	 0597	0386	 0252
15	 58	 05	 0649	0359	 0220
15	 58	 05	 0697	0359	 0238
15	 58	 05	 0768	0360	 0232
15	 58	 05	 0916	0385	 0252
15	 58	 05	 0986	0383	 0258
15	 58	 06	 0039	0384	 0251
$$END TRACK
$NEW TRACK
HR	 MIN	 SEC	 MSEC	 X(px)	 Y(px)
15	 58	 05	 0074	0340	 0253
15	 58	 05	 0150	0347	 0251
15	 58	 05	 0234	0332	 0253
15	 58	 05	 0361	0348	 0245
15	 58	 05	 0433	0351	 0242
15	 58	 05	 0485	0353	 0239
15	 58	 05	 0540	0355	 0235
15	 58	 05	 0597	0356	 0233
15	 58	 05	 0649	0356	 0229
15	 58	 05	 0697	0356	 0227
15	 58	 05	 0768	0354	 0215
15	 58	 05	 0842	0349	 0215
15	 58	 05	 0916	0344	 0213
15	 58	 05	 0986	0340	 0214
15	 58	 06	 0039	0335	 0215
15	 58	 06	 0105	0333	 0214
$$END TRACK
$NEW TRACK
HR	 MIN	 SEC	 MSEC	 X(px)	 Y(px)
15	 59	 02	 0568	0310	 0177
15	 59	 02	 0622	0307	 0177
15	 59	 02	 0699	0308	 0191
15	 59	 02	 0768	0301	 0190
15	 59	 02	 0821	0299	 0190
15	 59	 02	 0947	0290	 0195
15	 59	 03	 0027	0287	 0199
15	 59	 03	 0088	0284	 0204
15	 59	 03	 0159	0283	 0209
15	 59	 03	 0234	0283	 0214
15	 59	 03	 0288	0284	 0220
15	 59	 03	 0356	0286	 0224
15	 59	 03	 0435	0289	 0229
15	 59	 03	 0510	0296	 0234
15	 59	 03	 0567	0299	 0235
15	 59	 03	 0637	0305	 0235
15	 59	 03	 0679	0310	 0234
15	 59	 03	 0746	0315	 0231
15	 59	 03	 0825	0317	 0227
15	 59	 03	 0884	0319	 0221
$$END TRACK
$NEW TRACK
HR	 MIN	 SEC	 MSEC	 X(px)	 Y(px)
15	 59	 02	 0223	0273	 0283
15	 59	 02	 0291	0272	 0283
15	 59	 02	 0370	0272	 0283
15	 59	 02	 0431	0272	 0282
15	 59	 02	 0509	0272	 0286
15	 59	 02	 0568	0262	 0264
15	 59	 02	 0622	0262	 0264
15	 59	 02	 0699	0263	 0269
15	 59	 02	 0821	0261	 0244
15	 59	 02	 0894	0261	 0244
15	 59	 02	 0947	0261	 0258
15	 59	 03	 0027	0277	 0191
15	 59	 03	 0088	0274	 0196
15	 59	 03	 0159	0273	 0201
15	 59	 03	 0234	0271	 0208
15	 59	 03	 0288	0272	 0214
15	 59	 03	 0356	0273	 0220
15	 59	 03	 0435	0275	 0226
15	 59	 03	 0510	0281	 0234
15	 59	 03	 0567	0283	 0236
15	 59	 03	 0637	0288	 0240
15	 59	 03	 0679	0294	 0243
15	 59	 03	 0746	0301	 0244
15	 59	 03	 0825	0306	 0244
15	 59	 03	 0884	0313	 0242
$$END TRACK
$NEW TRACK
HR	 MIN	 SEC	 MSEC	 X(px)	 Y(px)
15	 59	 02	 0568	0310	 0177
15	 59	 02	 0622	0307	 0177
15	 59	 02	 0699	0308	 0191
15	 59	 02	 0768	0301	 0190
15	 59	 02	 0821	0299	 0190
15	 59	 02	 0947	0290	 0195
15	 59	 03	 0027	0287	 0199
15	 59	 03	 0088	0284	 0204
15	 59	 03	 0159	0283	 0209
15	 59	 03	 0234	0283	 0214
15	 59	 03	 0288	0284	 0220
15	 59	 03	 0356	0286	 0224
15	 59	 03	 0435	0289	 0229
15	 59	 03	 0510	0296	 0234
15	 59	 03	 0567	0299	 0235
15	 59	 03	 0637	0305	 0235
15	 59	 03	 0679	0310	 0234
15	 59	 03	 0746	0315	 0231
15	 59	 03	 0825	0317	 0227
15	 59	 03	 0884	0319	 0221
$$END TRACK
$NEW TRACK
HR	 MIN	 SEC	 MSEC	 X(px)	 Y(px)
15	 59	 02	 0223	0273	 0283
15	 59	 02	 0291	0272	 0283
15	 59	 02	 0370	0272	 0283
15	 59	 02	 0431	0272	 0282
15	 59	 02	 0509	0272	 0286
15	 59	 02	 0568	0262	 0264
15	 59	 02	 0622	0262	 0264
15	 59	 02	 0699	0263	 0269
15	 59	 02	 0821	0261	 0244
15	 59	 02	 0894	0261	 0244
15	 59	 02	 0947	0261	 0258
15	 59	 03	 0027	0277	 0191
15	 59	 03	 0088	0274	 0196
15	 59	 03	 0159	0273	 0201
15	 59	 03	 0234	0271	 0208
15	 59	 03	 0288	0272	 0214
15	 59	 03	 0356	0273	 0220
15	 59	 03	 0435	0275	 0226
15	 59	 03	 0510	0281	 0234
15	 59	 03	 0567	0283	 0236
15	 59	 03	 0637	0288	 0240
15	 59	 03	 0679	0294	 0243
15	 59	 03	 0746	0301	 0244
15	 59	 03	 0825	0306	 0244
15	 59	 03	 0884	0313	 0242
$$END TRACK
$NEW TRACK
HR	 MIN	 SEC	 MSEC	 X(px)	 Y(px)
15	 59	 02	 0568	0310	 0177
15	 59	 02	 0622	0307	 0177
15	 59	 02	 0699	0308	 0191
15	 59	 02	 0768	0301	 0190
15	 59	 02	 0821	0299	 0190
15	 59	 02	 0947	0290	 0195
15	 59	 03	 0027	0287	 0199
15	 59	 03	 0088	0284	 0204
15	 59	 03	 0159	0283	 0209
15	 59	 03	 0234	0283	 0214
15	 59	 03	 0288	0284	 0220
15	 59	 03	 0356	0286	 0224
15	 59	 03	 0435	0289	 0229
15	 59	 03	 0510	0296	 0234
15	 59	 03	 0567	0299	 0235
15	 59	 03	 0637	0305	 0235
15	 59	 03	 0679	0310	 0234
15	 59	 03	 0746	0315	 0231
15	 59	 03	 0825	0317	 0227
15	 59	 03	 0884	0319	 0221
$$END TRACK
$NEW TRACK
HR	 MIN	 SEC	 MSEC	 X(px)	 Y(px)
16	 01	 19	 0498	0345	 0285
16	 01	 19	 0636	0348	 0284
16	 01	 19	 0682	0349	 0283
16	 01	 19	 0760	0351	 0282
16	 01	 19	 0816	0352	 0281
16	 01	 19	 0886	0354	 0280
16	 01	 19	 0947	0355	 0279
16	 01	 20	 0002	0357	 0278
16	 01	 20	 0057	0357	 0278
16	 01	 20	 0111	0358	 0277
16	 01	 20	 0180	0360	 0276
16	 01	 20	 0241	0361	 0275
16	 01	 20	 0307	0363	 0274
16	 01	 20	 0369	0364	 0273
16	 01	 20	 0447	0366	 0272
16	 01	 20	 0502	0368	 0271
16	 01	 20	 0560	0368	 0271
16	 01	 20	 0634	0369	 0270
16	 01	 20	 0691	0370	 0269
16	 01	 20	 0760	0371	 0268
16	 01	 20	 0815	0372	 0266
16	 01	 20	 0885	0373	 0265
16	 01	 20	 0950	0374	 0264
16	 01	 21	 0028	0375	 0263
16	 01	 21	 0099	0377	 0262
16	 01	 21	 0170	0377	 0261
16	 01	 21	 0246	0378	 0260
16	 01	 21	 0306	0379	 0258
16	 01	 21	 0362	0380	 0257
16	 01	 21	 0433	0380	 0257
16	 01	 21	 0502	0382	 0254
16	 01	 21	 0570	0382	 0254
16	 01	 21	 0638	0382	 0253
16	 01	 21	 0713	0384	 0250
16	 01	 21	 0769	0384	 0249
16	 01	 21	 0838	0384	 0248
16	 01	 21	 0902	0385	 0247
16	 01	 21	 0940	0385	 0245
16	 01	 21	 0994	0385	 0245
16	 01	 22	 0062	0386	 0243
16	 01	 22	 0136	0387	 0241
16	 01	 22	 0212	0387	 0238
16	 01	 22	 0285	0388	 0237
16	 01	 22	 0356	0388	 0235
16	 01	 22	 0401	0388	 0233
16	 01	 22	 0481	0388	 0231
16	 01	 22	 0560	0388	 0229
16	 01	 22	 0637	0388	 0227
16	 01	 22	 0714	0388	 0225
16	 01	 22	 0795	0388	 0223
16	 01	 22	 0864	0388	 0220
16	 01	 22	 0926	0388	 0219
16	 01	 22	 0999	0388	 0216
16	 01	 23	 0073	0388	 0214
16	 01	 23	 0118	0388	 0212
16	 01	 23	 0201	0388	 0210
16	 01	 23	 0275	0388	 0207
16	 01	 23	 0332	0387	 0205
16	 01	 23	 0401	0387	 0203
16	 01	 23	 0464	0387	 0201
16	 01	 23	 0541	0386	 0199
16	 01	 23	 0602	0386	 0197
16	 01	 23	 0669	0385	 0195
16	 01	 23	 0744	0385	 0192
16	 01	 23	 0808	0385	 0190
16	 01	 23	 0884	0384	 0188
16	 01	 23	 0939	0384	 0186
16	 01	 23	 0995	0384	 0185
16	 01	 24	 0058	0383	 0183
16	 01	 24	 0101	0382	 0181
16	 01	 24	 0165	0382	 0181
16	 01	 24	 0230	0381	 0178
16	 01	 24	 0284	0380	 0177
16	 01	 24	 0352	0380	 0175
16	 01	 24	 0414	0379	 0173
16	 01	 24	 0470	0379	 0171
16	 01	 24	 0535	0378	 0171
16	 01	 24	 0588	0377	 0169
16	 01	 24	 0652	0376	 0168
16	 01	 24	 0729	0375	 0166
16	 01	 24	 0783	0374	 0165
16	 01	 24	 0853	0373	 0163
16	 01	 24	 0908	0372	 0162
16	 01	 24	 0963	0372	 0161
16	 01	 25	 0017	0371	 0160
16	 01	 25	 0067	0370	 0158
16	 01	 25	 0137	0369	 0158
16	 01	 25	 0197	0368	 0156
16	 01	 25	 0276	0367	 0155
16	 01	 25	 0337	0365	 0154
16	 01	 25	 0402	0364	 0154
16	 01	 25	 0445	0363	 0153
16	 01	 25	 0511	0362	 0152
16	 01	 25	 0555	0361	 0151
16	 01	 25	 0618	0360	 0150
16	 01	 25	 0683	0359	 0149
16	 01	 25	 0760	0357	 0148
16	 01	 25	 0838	0355	 0148
16	 01	 25	 0893	0354	 0147
16	 01	 25	 0963	0352	 0146
16	 01	 26	 0026	0350	 0145
16	 01	 26	 0070	0348	 0145
16	 01	 26	 0138	0347	 0144
16	 01	 26	 0201	0346	 0143
16	 01	 26	 0274	0344	 0143
16	 01	 26	 0339	0342	 0142
16	 01	 26	 0416	0339	 0141
16	 01	 26	 0471	0337	 0141
16	 01	 26	 0542	0336	 0141
16	 01	 26	 0589	0334	 0141
16	 01	 26	 0667	0332	 0140
16	 01	 26	 0744	0330	 0140
16	 01	 26	 0814	0326	 0139
16	 01	 26	 0869	0324	 0139
16	 01	 26	 0926	0324	 0139
16	 01	 26	 0978	0321	 0139
16	 01	 27	 0035	0320	 0139
16	 01	 27	 0104	0318	 0139
16	 01	 27	 0181	0315	 0139
16	 01	 27	 0251	0312	 0139
16	 01	 27	 0307	0310	 0139
16	 01	 27	 0369	0308	 0139
16	 01	 27	 0432	0307	 0139
16	 01	 27	 0484	0305	 0140
16	 01	 27	 0548	0303	 0140
16	 01	 27	 0605	0300	 0141
16	 01	 27	 0682	0298	 0141
16	 01	 27	 0739	0296	 0142
16	 01	 27	 0792	0295	 0142
16	 01	 27	 0871	0293	 0142
16	 01	 27	 0947	0289	 0144
16	 01	 28	 0010	0289	 0144
16	 01	 28	 0073	0287	 0145
16	 01	 28	 0150	0284	 0146
16	 01	 28	 0206	0282	 0147
16	 01	 28	 0275	0281	 0148
16	 01	 28	 0345	0278	 0150
16	 01	 28	 0402	0277	 0150
16	 01	 28	 0472	0275	 0152
16	 01	 28	 0541	0274	 0153
16	 01	 28	 0617	0271	 0155
16	 01	 28	 0683	0270	 0157
16	 01	 28	 0761	0268	 0159
16	 01	 28	 0816	0266	 0161
16	 01	 28	 0871	0265	 0162
16	 01	 28	 0913	0265	 0163
16	 01	 28	 0979	0264	 0164
16	 01	 29	 0057	0262	 0167
16	 01	 29	 0128	0260	 0168
16	 01	 29	 0199	0259	 0171
16	 01	 29	 0276	0258	 0173
16	 01	 29	 0338	0257	 0176
16	 01	 29	 0416	0256	 0178
16	 01	 29	 0470	0255	 0180
16	 01	 29	 0524	0254	 0182
16	 01	 29	 0570	0253	 0184
16	 01	 29	 0638	0252	 0186
16	 01	 29	 0691	0251	 0189
16	 01	 29	 0762	0251	 0190
16	 01	 29	 0829	0250	 0194
16	 01	 29	 0882	0250	 0195
16	 01	 29	 0948	0250	 0198
16	 01	 30	 0025	0249	 0200
16	 01	 30	 0087	0249	 0202
16	 01	 30	 0163	0248	 0206
16	 01	 30	 0228	0248	 0208
16	 01	 30	 0295	0248	 0209
16	 01	 30	 0372	0248	 0213
16	 01	 30	 0449	0248	 0216
16	 01	 30	 0506	0248	 0218
16	 01	 30	 0572	0248	 0221
16	 01	 30	 0644	0249	 0223
16	 01	 30	 0729	0249	 0225
16	 01	 30	 0808	0250	 0229
16	 01	 30	 0884	0250	 0231
16	 01	 30	 0940	0251	 0233
16	 01	 30	 0994	0252	 0235
16	 01	 31	 0073	0253	 0237
16	 01	 31	 0151	0253	 0240
16	 01	 31	 0194	0255	 0242
16	 01	 31	 0260	0255	 0243
$$END TRACK
$NEW TRACK
HR	 MIN	 SEC	 MSEC	 X(px)	 Y(px)
16	 01	 15	 0356	0418	 0267
16	 01	 15	 0432	0418	 0267
16	 01	 15	 0471	0418	 0266
16	 01	 15	 0527	0418	 0266
16	 01	 15	 0604	0417	 0266
16	 01	 15	 0684	0417	 0266
16	 01	 15	 0742	0417	 0265
16	 01	 15	 0806	0417	 0265
16	 01	 15	 0854	0418	 0265
16	 01	 15	 0926	0418	 0264
16	 01	 15	 0978	0418	 0264
16	 01	 16	 0033	0418	 0264
16	 01	 16	 0089	0418	 0264
16	 01	 16	 0157	0418	 0264
16	 01	 16	 0228	0418	 0263
16	 01	 16	 0295	0419	 0263
16	 01	 16	 0369	0419	 0263
16	 01	 16	 0426	0419	 0262
16	 01	 16	 0492	0419	 0262
16	 01	 16	 0554	0419	 0262
16	 01	 16	 0612	0419	 0262
16	 01	 16	 0698	0419	 0261
16	 01	 16	 0761	0419	 0261
16	 01	 16	 0827	0419	 0261
16	 01	 16	 0900	0420	 0261
16	 01	 16	 0956	0420	 0261
16	 01	 17	 0028	0420	 0260
16	 01	 17	 0097	0420	 0260
16	 01	 17	 0168	0421	 0260
16	 01	 17	 0241	0421	 0260
16	 01	 17	 0306	0420	 0260
16	 01	 17	 0377	0421	 0260
16	 01	 17	 0446	0421	 0260
16	 01	 17	 0526	0421	 0259
16	 01	 17	 0591	0421	 0259
16	 01	 17	 0641	0421	 0258
16	 01	 17	 0698	0421	 0258
16	 01	 17	 0775	0421	 0258
16	 01	 17	 0853	0421	 0258
16	 01	 17	 0907	0421	 0258
16	 01	 17	 0963	0421	 0258
16	 01	 18	 0029	0421	 0258
16	 01	 18	 0103	0421	 0257
16	 01	 18	 0158	0421	 0257
16	 01	 18	 0221	0421	 0257
16	 01	 18	 0284	0421	 0257
16	 01	 18	 0352	0421	 0256
16	 01	 18	 0432	0421	 0256
16	 01	 18	 0475	0420	 0256
16	 01	 18	 0541	0420	 0255
16	 01	 18	 0621	0420	 0255
16	 01	 18	 0699	0420	 0255
16	 01	 18	 0756	0420	 0254
16	 01	 18	 0819	0420	 0254
16	 01	 18	 0901	0420	 0253
16	 01	 18	 0962	0420	 0253
16	 01	 19	 0027	0420	 0252
16	 01	 19	 0091	0420	 0252
16	 01	 19	 0149	0420	 0251
16	 01	 19	 0221	0420	 0251
16	 01	 19	 0293	0420	 0250
16	 01	 19	 0370	0420	 0250
16	 01	 19	 0416	0420	 0249
16	 01	 19	 0498	0420	 0249
16	 01	 19	 0570	0420	 0248
16	 01	 19	 0636	0420	 0248
16	 01	 19	 0682	0420	 0247
16	 01	 19	 0760	0420	 0246
16	 01	 19	 0816	0420	 0246
16	 01	 19	 0886	0420	 0245
16	 01	 19	 0947	0421	 0244
16	 01	 20	 0002	0421	 0244
16	 01	 20	 0057	0421	 0244
16	 01	 20	 0111	0421	 0243
16	 01	 20	 0180	0421	 0243
16	 01	 20	 0241	0421	 0242
16	 01	 20	 0307	0422	 0241
16	 01	 20	 0369	0422	 0241
16	 01	 20	 0447	0422	 0240
16	 01	 20	 0502	0423	 0240
16	 01	 20	 0560	0422	 0240
16	 01	 20	 0634	0422	 0239
16	 01	 20	 0691	0423	 0239
16	 01	 20	 0760	0423	 0238
16	 01	 20	 0815	0423	 0238
16	 01	 20	 0885	0423	 0237
16	 01	 20	 0950	0423	 0237
16	 01	 21	 0028	0423	 0236
16	 01	 21	 0099	0424	 0236
16	 01	 21	 0170	0424	 0235
16	 01	 21	 0246	0424	 0235
16	 01	 21	 0306	0424	 0235
16	 01	 21	 0362	0424	 0234
16	 01	 21	 0433	0424	 0234
16	 01	 21	 0502	0424	 0233
16	 01	 21	 0570	0424	 0234
16	 01	 21	 0638	0424	 0233
16	 01	 21	 0713	0424	 0232
16	 01	 21	 0769	0424	 0232
16	 01	 21	 0838	0424	 0231
16	 01	 21	 0902	0424	 0231
16	 01	 21	 0940	0423	 0230
16	 01	 21	 0994	0423	 0230
16	 01	 22	 0062	0423	 0230
16	 01	 22	 0136	0423	 0229
16	 01	 22	 0212	0423	 0228
16	 01	 22	 0285	0423	 0227
16	 01	 22	 0356	0423	 0227
16	 01	 22	 0401	0422	 0226
16	 01	 22	 0481	0422	 0225
16	 01	 22	 0560	0422	 0225
16	 01	 22	 0637	0422	 0224
16	 01	 22	 0714	0422	 0223
16	 01	 22	 0795	0422	 0222
16	 01	 22	 0864	0422	 0222
16	 01	 22	 0926	0421	 0221
16	 01	 22	 0999	0421	 0220
16	 01	 23	 0073	0421	 0219
16	 01	 23	 0118	0421	 0218
16	 01	 23	 0201	0421	 0218
16	 01	 23	 0275	0421	 0216
16	 01	 23	 0332	0421	 0215
16	 01	 23	 0401	0421	 0215
16	 01	 23	 0464	0421	 0214
16	 01	 23	 0541	0421	 0213
16	 01	 23	 0602	0420	 0212
16	 01	 23	 0669	0420	 0212
16	 01	 23	 0744	0420	 0210
16	 01	 23	 0808	0420	 0210
16	 01	 23	 0884	0420	 0209
16	 01	 23	 0939	0420	 0208
16	 01	 23	 0995	0420	 0208
16	 01	 24	 0058	0420	 0207
16	 01	 24	 0101	0420	 0206
16	 01	 24	 0165	0420	 0206
16	 01	 24	 0230	0420	 0205
16	 01	 24	 0284	0420	 0204
16	 01	 24	 0352	0421	 0203
16	 01	 24	 0414	0421	 0203
16	 01	 24	 0470	0421	 0202
16	 01	 24	 0535	0421	 0201
16	 01	 24	 0588	0421	 0201
16	 01	 24	 0652	0421	 0200
16	 01	 24	 0729	0421	 0200
16	 01	 24	 0783	0421	 0199
16	 01	 24	 0853	0421	 0198
16	 01	 24	 0908	0421	 0197
16	 01	 24	 0963	0421	 0197
16	 01	 25	 0017	0420	 0196
16	 01	 25	 0067	0421	 0195
16	 01	 25	 0137	0421	 0195
16	 01	 25	 0197	0420	 0194
16	 01	 25	 0276	0420	 0194
16	 01	 25	 0337	0420	 0193
16	 01	 25	 0402	0420	 0192
16	 01	 25	 0445	0420	 0192
16	 01	 25	 0511	0419	 0191
16	 01	 25	 0555	0420	 0190
16	 01	 25	 0618	0419	 0190
16	 01	 25	 0683	0419	 0189
16	 01	 25	 0760	0419	 0188
16	 01	 25	 0838	0419	 0188
16	 01	 25	 0893	0418	 0187
16	 01	 25	 0963	0418	 0187
16	 01	 26	 0026	0417	 0186
16	 01	 26	 0070	0417	 0185
16	 01	 26	 0138	0417	 0184
16	 01	 26	 0201	0417	 0183
16	 01	 26	 0274	0416	 0183
16	 01	 26	 0339	0416	 0182
16	 01	 26	 0416	0415	 0180
16	 01	 26	 0471	0415	 0180
16	 01	 26	 0542	0415	 0179
16	 01	 26	 0589	0414	 0178
16	 01	 26	 0667	0414	 0177
16	 01	 26	 0744	0414	 0177
16	 01	 26	 0814	0413	 0175
16	 01	 26	 0869	0413	 0174
16	 01	 26	 0926	0413	 0174
16	 01	 26	 0978	0412	 0173
16	 01	 27	 0035	0412	 0173
16	 01	 27	 0104	0412	 0172
16	 01	 27	 0181	0411	 0170
16	 01	 27	 0251	0411	 0169
16	 01	 27	 0307	0411	 0168
16	 01	 27	 0369	0410	 0168
16	 01	 27	 0432	0410	 0167
16	 01	 27	 0484	0410	 0166
16	 01	 27	 0548	0410	 0165
16	 01	 27	 0605	0409	 0164
16	 01	 27	 0682	0409	 0163
16	 01	 27	 0739	0409	 0162
16	 01	 27	 0792	0409	 0162
16	 01	 27	 0871	0408	 0161
16	 01	 27	 0947	0408	 0160
16	 01	 28	 0010	0408	 0159
16	 01	 28	 0073	0407	 0159
16	 01	 28	 0150	0407	 0158
16	 01	 28	 0206	0406	 0157
16	 01	 28	 0275	0406	 0157
16	 01	 28	 0402	0277	 0150
16	 01	 28	 0472	0275	 0152
16	 01	 28	 0541	0274	 0153
16	 01	 28	 0617	0271	 0155
16	 01	 28	 0683	0270	 0157
16	 01	 28	 0761	0268	 0159
16	 01	 28	 0816	0266	 0161
16	 01	 28	 0871	0265	 0162
16	 01	 28	 0913	0265	 0163
16	 01	 28	 0979	0264	 0164
16	 01	 29	 0057	0262	 0167
16	 01	 29	 0128	0260	 0168
16	 01	 29	 0199	0259	 0171
16	 01	 29	 0276	0258	 0173
16	 01	 29	 0338	0257	 0176
16	 01	 29	 0416	0256	 0178
16	 01	 29	 0470	0255	 0180
16	 01	 29	 0524	0254	 0182
16	 01	 29	 0570	0253	 0184
16	 01	 29	 0638	0252	 0186
16	 01	 29	 0691	0251	 0189
16	 01	 29	 0762	0251	 0190
16	 01	 29	 0829	0250	 0194
16	 01	 29	 0882	0250	 0195
16	 01	 29	 0948	0250	 0198
16	 01	 30	 0025	0249	 0200
16	 01	 30	 0087	0249	 0202
16	 01	 30	 0163	0248	 0206
16	 01	 30	 0228	0248	 0208
16	 01	 30	 0295	0248	 0209
16	 01	 30	 0372	0248	 0213
16	 01	 30	 0449	0248	 0216
16	 01	 30	 0506	0248	 0218
16	 01	 30	 0572	0248	 0221
16	 01	 30	 0644	0249	 0223
16	 01	 30	 0729	0249	 0225
16	 01	 30	 0808	0250	 0229
16	 01	 30	 0884	0250	 0231
16	 01	 30	 0940	0251	 0233
16	 01	 30	 0994	0252	 0235
16	 01	 31	 0073	0253	 0237
16	 01	 31	 0151	0253	 0240
16	 01	 31	 0194	0255	 0242
16	 01	 31	 0260	0255	 0243
$$END TRACK
$NEW TRACK
HR	 MIN	 SEC	 MSEC	 X(px)	 Y(px)
16	 02	 01	 0680	0268	 0278
16	 02	 01	 0749	0263	 0265
16	 02	 01	 0878	0268	 0278
16	 02	 01	 0947	0357	 0274
16	 02	 02	 0001	0325	 0303
16	 02	 02	 0072	0327	 0303
16	 02	 02	 0127	0329	 0303
16	 02	 02	 0182	0331	 0304
16	 02	 02	 0260	0333	 0304
16	 02	 02	 0338	0335	 0305
16	 02	 02	 0405	0337	 0305
16	 02	 02	 0480	0338	 0305
16	 02	 02	 0537	0340	 0305
16	 02	 02	 0607	0343	 0304
16	 02	 02	 0681	0345	 0304
16	 02	 02	 0736	0347	 0304
16	 02	 02	 0808	0348	 0304
16	 02	 02	 0862	0350	 0304
16	 02	 02	 0918	0352	 0303
16	 02	 02	 0979	0353	 0303
16	 02	 03	 0057	0355	 0303
16	 02	 03	 0105	0356	 0303
16	 02	 03	 0181	0357	 0302
16	 02	 03	 0250	0359	 0302
16	 02	 03	 0322	0361	 0301
16	 02	 03	 0377	0362	 0300
16	 02	 03	 0429	0364	 0300
16	 02	 03	 0494	0366	 0299
16	 02	 03	 0576	0367	 0298
16	 02	 03	 0647	0369	 0298
16	 02	 03	 0717	0371	 0296
16	 02	 03	 0792	0373	 0295
16	 02	 03	 0846	0373	 0295
16	 02	 03	 0899	0375	 0293
16	 02	 03	 0966	0376	 0292
16	 02	 04	 0043	0378	 0291
16	 02	 04	 0120	0379	 0290
16	 02	 04	 0198	0381	 0288
16	 02	 04	 0279	0383	 0286
16	 02	 04	 0355	0384	 0285
16	 02	 04	 0399	0385	 0283
16	 02	 04	 0464	0386	 0282
16	 02	 04	 0538	0388	 0280
16	 02	 04	 0607	0389	 0279
16	 02	 04	 0681	0390	 0277
16	 02	 04	 0738	0392	 0275
16	 02	 04	 0808	0393	 0274
16	 02	 04	 0868	0394	 0272
16	 02	 04	 0923	0395	 0270
16	 02	 04	 0991	0395	 0269
16	 02	 05	 0058	0397	 0266
16	 02	 05	 0137	0398	 0264
16	 02	 05	 0195	0399	 0262
16	 02	 05	 0273	0400	 0260
16	 02	 05	 0340	0401	 0258
16	 02	 05	 0404	0402	 0256
16	 02	 05	 0479	0403	 0254
16	 02	 05	 0534	0403	 0252
16	 02	 05	 0604	0404	 0250
16	 02	 05	 0648	0404	 0249
16	 02	 05	 0717	0405	 0247
16	 02	 05	 0792	0405	 0245
16	 02	 05	 0862	0406	 0241
16	 02	 05	 0919	0406	 0240
16	 02	 05	 0987	0406	 0237
16	 02	 06	 0042	0406	 0236
16	 02	 06	 0096	0406	 0234
16	 02	 06	 0151	0406	 0231
16	 02	 06	 0195	0406	 0231
16	 02	 06	 0261	0407	 0229
16	 02	 06	 0307	0406	 0228
16	 02	 06	 0378	0406	 0225
16	 02	 06	 0449	0406	 0224
16	 02	 06	 0510	0406	 0222
16	 02	 06	 0564	0405	 0219
16	 02	 06	 0634	0404	 0217
16	 02	 06	 0712	0404	 0215
16	 02	 06	 0778	0403	 0213
16	 02	 06	 0854	0402	 0210
16	 02	 06	 0908	0401	 0208
16	 02	 06	 0962	0401	 0206
16	 02	 07	 0043	0399	 0204
16	 02	 07	 0112	0398	 0202
16	 02	 07	 0185	0397	 0200
16	 02	 07	 0259	0396	 0199
16	 02	 07	 0309	0394	 0197
16	 02	 07	 0387	0393	 0195
16	 02	 07	 0447	0391	 0193
16	 02	 07	 0504	0389	 0191
16	 02	 07	 0565	0388	 0189
16	 02	 07	 0633	0386	 0187
16	 02	 07	 0699	0384	 0186
16	 02	 07	 0778	0382	 0184
16	 02	 07	 0851	0380	 0183
16	 02	 07	 0918	0378	 0181
16	 02	 07	 0972	0376	 0180
16	 02	 08	 0025	0374	 0178
16	 02	 08	 0082	0373	 0178
16	 02	 08	 0151	0371	 0176
16	 02	 08	 0228	0367	 0175
16	 02	 08	 0284	0365	 0174
16	 02	 08	 0338	0364	 0173
16	 02	 08	 0410	0361	 0172
16	 02	 08	 0481	0359	 0171
16	 02	 08	 0524	0356	 0170
16	 02	 08	 0589	0355	 0170
16	 02	 08	 0633	0353	 0169
16	 02	 08	 0708	0350	 0169
16	 02	 08	 0771	0348	 0168
16	 02	 08	 0836	0345	 0168
16	 02	 08	 0902	0344	 0168
16	 02	 08	 0959	0341	 0168
16	 02	 09	 0026	0339	 0168
16	 02	 09	 0071	0337	 0167
16	 02	 09	 0152	0334	 0167
16	 02	 09	 0216	0332	 0167
16	 02	 09	 0286	0329	 0167
16	 02	 09	 0368	0326	 0168
16	 02	 09	 0425	0322	 0169
16	 02	 09	 0494	0321	 0169
16	 02	 09	 0550	0319	 0170
16	 02	 09	 0619	0316	 0171
16	 02	 09	 0684	0315	 0171
16	 02	 09	 0762	0311	 0173
16	 02	 09	 0838	0308	 0175
16	 02	 09	 0893	0306	 0175
$$END TRACK
$NEW TRACK
HR	 MIN	 SEC	 MSEC	 X(px)	 Y(px)
16	 03	 26	 0748	0262	 0258
16	 03	 26	 0822	0262	 0257
16	 03	 26	 0879	0262	 0257
16	 03	 26	 0945	0262	 0257
16	 03	 27	 0014	0262	 0259
16	 03	 27	 0089	0263	 0260
16	 03	 27	 0214	0263	 0259
16	 03	 27	 0292	0262	 0259
16	 03	 27	 0336	0262	 0259
16	 03	 27	 0404	0262	 0259
16	 03	 27	 0480	0262	 0260
16	 03	 27	 0533	0308	 0235
16	 03	 27	 0587	0314	 0233
16	 03	 27	 0645	0316	 0232
16	 03	 27	 0711	0296	 0210
16	 03	 27	 0778	0297	 0211
16	 03	 27	 0839	0297	 0211
16	 03	 27	 0907	0298	 0211
16	 03	 27	 0972	0259	 0221
16	 03	 28	 0042	0261	 0226
16	 03	 28	 0121	0263	 0231
16	 03	 28	 0197	0268	 0237
16	 03	 28	 0267	0272	 0240
16	 03	 28	 0322	0277	 0243
16	 03	 28	 0389	0280	 0244
16	 03	 28	 0463	0288	 0245
16	 03	 28	 0533	0294	 0245
16	 03	 28	 0588	0300	 0244
16	 03	 28	 0651	0303	 0243
16	 03	 28	 0714	0309	 0240
16	 03	 28	 0768	0314	 0236
16	 03	 28	 0816	0318	 0231
16	 03	 28	 0883	0320	 0229
16	 03	 28	 0951	0323	 0222
16	 03	 29	 0025	0326	 0213
16	 03	 29	 0153	0327	 0203
16	 03	 29	 0214	0324	 0198
16	 03	 29	 0268	0322	 0191
16	 03	 29	 0330	0318	 0186
16	 03	 29	 0386	0313	 0182
16	 03	 29	 0456	0308	 0179
16	 03	 29	 0508	0306	 0178
16	 02	 55	 0650	0340	 0205
16	 02	 55	 0773	0340	 0205
16	 02	 55	 0837	0341	 0206
16	 02	 55	 0965	0341	 0206
16	 02	 56	 0040	0340	 0206
16	 02	 56	 0105	0340	 0206
16	 02	 56	 0149	0340	 0207
16	 02	 56	 0204	0340	 0207
16	 02	 56	 0277	0340	 0207
16	 02	 56	 0325	0340	 0207
$$END TRACK
$NEW TRACK
HR	 MIN	 SEC	 MSEC	 X(px)	 Y(px)
16	 03	 52	 0136	0334	 0208
16	 03	 52	 0201	0332	 0204
16	 03	 52	 0267	0316	 0238
16	 03	 52	 0339	0322	 0236
16	 03	 52	 0395	0327	 0233
16	 03	 52	 0469	0332	 0230
16	 03	 52	 0543	0336	 0225
16	 03	 52	 0599	0339	 0220
16	 03	 52	 0665	0341	 0214
16	 03	 52	 0732	0340	 0208
16	 03	 52	 0862	0337	 0196
16	 03	 52	 0935	0334	 0192
16	 03	 52	 0995	0330	 0188
16	 03	 53	 0074	0324	 0186
16	 03	 53	 0118	0319	 0185
16	 03	 53	 0251	0308	 0187
16	 03	 53	 0307	0303	 0189
16	 03	 53	 0433	0297	 0195
16	 03	 53	 0477	0293	 0199
16	 03	 53	 0543	0292	 0202
$$END TRACK
$NEW TRACK
HR	 MIN	 SEC	 MSEC	 X(px)	 Y(px)
16	 04	 32	 0590	0353	 0236
16	 04	 32	 0650	0354	 0234
16	 04	 32	 0706	0356	 0229
16	 04	 32	 0758	0355	 0226
16	 04	 32	 0825	0355	 0224
16	 04	 32	 0901	0352	 0219
16	 04	 32	 0946	0350	 0218
16	 04	 33	 0013	0346	 0216
16	 04	 33	 0088	0343	 0213
16	 04	 33	 0143	0337	 0214
16	 04	 33	 0195	0334	 0215
16	 04	 33	 0262	0332	 0216
16	 04	 33	 0339	0327	 0220
16	 04	 33	 0394	0323	 0224
16	 04	 33	 0450	0322	 0226
16	 04	 33	 0526	0321	 0229
16	 04	 33	 0581	0320	 0234
16	 04	 33	 0651	0320	 0238
16	 04	 33	 0705	0322	 0243
16	 04	 33	 0778	0324	 0246
16	 04	 33	 0854	0328	 0249
16	 04	 33	 0911	0332	 0251
16	 04	 33	 0984	0336	 0251
16	 04	 34	 0059	0340	 0250
$$END TRACK